[gd_scene load_steps=5 format=3 uid="uid://bh26dknmrfir1"]

[ext_resource type="Script" uid="uid://cro18pkffxuew" path="res://scripts/player.gd" id="1_v6fml"]
[ext_resource type="Texture2D" uid="uid://di0rxj8b15frg" path="res://assets/tree.PNG" id="2_3li8b"]

[sub_resource type="CapsuleShape3D" id="CapsuleShape3D_yyirk"]
radius = 0.25
height = 1.0

[sub_resource type="CylinderShape3D" id="CylinderShape3D_v6fml"]
height = 1.0
radius = 0.4

[node name="Player" type="CharacterBody3D"]
transform = Transform3D(0.5, 0, 0, 0, 0.5, 0, 0, 0, 0.5, 0, 0, 0)
collision_mask = 4
script = ExtResource("1_v6fml")

[node name="CollisionShape3D" type="CollisionShape3D" parent="."]
transform = Transform3D(1, 0, 0, 0, 0.8660254, -0.5, 0, 0.5, 0.8660254, 0, 0, 0)
shape = SubResource("CapsuleShape3D_yyirk")

[node name="Sprite3D" type="Sprite3D" parent="."]
transform = Transform3D(1, 0, 0, 0, 0.8660254, 0.5, 0, -0.5, 0.8660254, 0, 0, 0)
texture = ExtResource("2_3li8b")

[node name="Area3D" type="Area3D" parent="."]
transform = Transform3D(1, 0, 0, 0, 0.8660254, -0.5, 0, 0.5, 0.8660254, 0, 0, 0)
collision_layer = 0
collision_mask = 2

[node name="CollisionShape3D" type="CollisionShape3D" parent="Area3D"]
shape = SubResource("CylinderShape3D_v6fml")

[connection signal="body_entered" from="Area3D" to="." method="_on_area_3d_body_entered"]
[connection signal="body_exited" from="Area3D" to="." method="_on_area_3d_body_exited"]
